latitude: 79.63126822365678
longitude: -57.839590854851664