Latitude: -69.53402881606951
Longitude: -67.54030484573428
Altitude: 25000