Latitude: 5.481174664442591
Longitude: -75.06353982980949
Altitude: 22000